0.406993
0.415839
0.423785
0.431335
0.438657
0.446015
0.453389
0.460732
0.468098
0.475319
0.482548
0.489795
0.497059
0.504512
0.512046
0.519544
0.527305
0.535053
0.542885
0.550915
0.55902
0.567206
0.575487
0.583844
0.592339
0.601014
0.609958
0.61872
0.627778
0.636676
0.645964
0.655419
0.664894
0.674464
0.684137
0.694128
0.703737
0.713727
0.72388
0.733955
0.74415
0.75447
0.764856
0.775273
0.78566
0.796127
0.806711
0.817311
0.827919
0.838527
0.84921
0.859973
0.870743
0.881456
0.892081
0.902802
0.913445
0.92395
0.934112
0.943358
0.951401
0.959974
0.969845
0.979224
0.988918
0.998908
1.00864
1.01854
1.02934
1.03799
1.04768
1.05757
1.06779
1.07822
1.08876
1.09928
1.10989
1.12068
1.1313
1.14207
1.15265
1.16368
1.17471
1.18559
1.19634
1.20727
1.21786
1.22919
1.24021
1.25098
1.26253
1.2735
1.28449
1.29542
1.30622
1.31726
1.3283
1.33913
1.34979
1.36105
1.37291
1.38328
1.39475
1.40563
1.41654
1.42737
1.43847
1.44919
1.45932
1.46993
1.48084
1.49143
1.50202
1.51263
1.52322
1.53378
1.54423
1.55482
1.56537
1.57563
1.58586
1.59625
1.60649
1.61683
1.62702
1.63709
1.64723
1.65693
1.66719
1.67732
1.68743
1.69729
1.70709
1.71686
1.72665
1.73649
1.74622
1.75583
1.76551
1.77512
1.78472
1.79395
1.80359
1.81305
1.82244
1.83203
1.84133
1.85055
1.85956
1.86817
1.87874
1.88708
1.89609
1.90493
1.9143
1.92339
1.93226
1.94111
1.9499
1.95862
1.96734
1.97601
1.98485
1.99355
2.00211
2.01066
2.01932
2.02773
2.03626
2.04468
2.05301
2.06138
2.0698
2.07799
2.08638
2.09463
2.10282
2.11104
2.11923
2.12734
2.13551
2.14347
2.15139
2.15956
2.16748
2.17534
2.18342
2.1911
2.19914
2.20684
2.21462
2.22243
2.23001
2.2379
2.24545
2.25311
2.26087
2.26829
2.27605
2.28349
2.29083
2.29861
2.30572
2.3132
2.3209
2.32782
2.33553
2.34282
2.34979
2.35729
2.36459
2.37155
2.37877
2.38606
2.39304
2.40004
2.4076
2.41436
2.42124
2.42867
2.43554
2.4424
2.44914
2.45659
2.46303
2.46963
2.47705
2.48379
2.49022
2.49712
